4294967278,333
4294967279,227
4294967279,402
4294967278,466
4294967278,431
4294967279,157
4294967279,524
4294967278,465
4294967279,225
4294967278,341
4294967279,408
4294967278,464
4294967279,572
4294967278,356
4294967279,565
24842,5
4294967279,287
24842,4
4294967279,571
24842,2
4294967294,477
4294967279,264
4294967279,263
4294967278,463
4294967279,284
4294967278,462
4294967278,355
4294967279,223
4294967279,308
4294967278,410
4294967279,249
4294967279,82
4294967279,221
4294967278,487
4294967278,395
4294967279,219
4294967278,461
4294967278,350
4294967278,460
4294967279,528
4294967278,504
4294967279,281
4294967278,267
4294967278,393
4294967279,209
4294967278,433
4294967279,562
4294967278,459
4294967278,458
4294967279,217
4294967278,235
4294967278,389
4294967278,388
4294967278,457
4294967279,389
4294967278,219
4294967278,432
4294967278,348
4294967278,343
4294967279,276
4294967278,314
4294967279,215
4294967279,543
4294967278,456
4294967279,268
4294967294,509
4294967279,397
4294967279,256
4294967278,319
24774,2
4294967279,186
4294967294,12
4294967294,68
4294967294,11
4294967279,291
4294967278,286
4294967279,184
24774,6
24774,5
24774,4
4294967278,180
4294967279,277
4294967278,247
4294967278,455
4294967279,295
4294967278,177
4294967279,290
4294967294,36
4294967294,39
4294967279,545
4294967279,173
24792,2
4294967278,293
24792,5
24792,4
4294967279,65
24790,8
24790,7
24790,6
24790,5
24790,4
4294967279,319
4294967278,454
4294967279,552
4294967279,44
4294967279,41
24777,2
4294967279,514
24772,2
4294967279,161
24772,4
4294967279,384
24777,5
24777,4
24777,7
24777,6
4294967294,99
4294967294,76
4294967294,41
4294967294,828
4294967294,43
4294967294,1632
4294967294,51
4294967294,983
4294967294,82
4294967278,132
4294967278,131
4294967278,129
4294967278,128
4294967278,127
4294967278,126
4294967278,125
4294967278,124
4294967278,123
4294967278,122
4294967278,121
4294967278,120
4294967278,119
4294967278,118
4294967278,115
4294967278,114
4294967278,113
4294967278,112
4294967278,110
4294967278,109
4294967278,108
4294967278,107
4294967278,106
4294967278,105
4294967278,104
4294967278,434
4294967278,103
4294967278,102
4294967278,101
4294967278,100
4294967278,99
4294967278,98
4294967278,97
4294967278,96
4294967278,95
4294967278,94
4294967278,93
4294967278,92
4294967278,91
4294967278,90
4294967278,89
4294967278,87
4294967278,86
4294967278,85
4294967278,84
4294967278,83
4294967278,82
4294967278,81
4294967278,80
4294967278,79
4294967278,78
4294967278,77
4294967278,76
4294967278,75
4294967278,74
4294967278,73
4294967278,72
4294967278,71
4294967278,70
4294967278,69
4294967278,68
4294967278,67
4294967278,66
4294967278,65
4294967278,64
4294967278,63
4294967278,62
4294967278,451
4294967279,108
4294967279,107
4294967279,106
4294967279,101
4294967279,98
4294967279,97
4294967279,86
4294967279,83
4294967279,78
4294967279,77
4294967279,74
4294967279,72
4294967279,70
4294967279,69
4294967279,67
4294967279,64
4294967279,62
4294967279,57
4294967279,48
4294967279,47
4294967279,46
4294967279,45
4294967279,42
4294967279,35
4294967279,30
4294967279,27
4294967279,26
4294967279,24
4294967279,9
4294967279,8
4294967279,7
4294967279,6
4294967279,5
4294967279,4
4294967279,318
4294967279,43
4294967294,777
24926,4
24926,3
24926,2
24926,1
4294967278,334
24787,5
24787,6
24787,2
24787,4
4294967294,1665
4294967279,36
4294967294,1460
4294967294,1456
4294967294,168
4294967294,474
4294967294,180
4294967294,453
4294967279,574
24787,3
4294967279,317
4294967279,37
4294967278,320
4294967278,453
4294967278,479
4294967278,452
4294967278,143
4294967279,31
24925,5
24925,4
24925,3
24925,2
24925,1
4294967278,478
4294967279,470
4294967294,773
4294967278,271
24923,7
4294967278,310
24923,6
4294967278,508
4294967279,14
4294967279,420
4294967294,52
4294967279,12
4294967279,511
4294967278,396
4294967278,278
4294967278,261
24923,5
24923,4
4294967278,259
24923,3
24923,2
24923,1
4294967278,346
4294967278,257
4294967279,258
4294967278,300
4294967279,310
4294967294,776
4294967279,541
4294967278,130
4294967278,221
4294967279,430
24921,6
4294967294,503
4294967279,306
4294967278,296
4294967279,568
4294967278,295
24921,5
4294967294,918
4294967294,974
4294967294,913
4294967279,255
4294967278,294
4294967279,429
24921,4
4294967278,254
24921,3
24921,2
24921,1
4294967278,450
4294967278,0
4294967278,351
24920,4
24920,3
24920,2
24920,1
4294967279,237
4294967278,236
4294967279,236
4294967278,234
4294967279,232
4294967279,285
24918,5
4294967278,226
4294967278,224
24918,4
24918,3
24918,2
24918,1
4294967294,1424
4294967278,449
24917,6
4294967294,501
24917,5
4294967279,213
4294967279,212
24917,4
24917,3
24917,2
24917,1
4294967279,211
4294967279,210
4294967294,775
4294967278,352
4294967278,400
4294967278,329
4294967278,117
4294967278,116
4294967278,404
4294967278,111
4294967278,354
4294967278,324
4294967278,292
4294967278,299
4294967278,339
4294967278,323
4294967278,418
4294967278,353
4294967278,335
4294967279,392
4294967279,294
4294967279,105
4294967279,104
4294967279,103
4294967279,102
4294967279,518
4294967279,100
4294967279,93
4294967279,91
4294967279,278
4294967279,89
4294967279,535
4294967279,87
4294967279,85
4294967279,441
4294967279,55
4294967279,413
4294967279,530
4294967279,427
4294967294,1601
4294967278,419
4294967279,95
4294967279,494
4294967278,383
4294967279,94
4294967279,412
4294967279,206
4294967294,1602
4294967294,1635
4294967278,344
4294967279,92
4294967279,205
4294967279,202
24916,6
24916,5
4294967279,201
24916,4
24916,3
24916,2
24916,1
4294967279,200
4294967278,382
4294967279,395
4294967278,381
4294967278,194
4294967279,561
24913,4
24913,3
24913,2
24913,1
4294967278,380
24912,4
24912,3
24912,2
24912,1
4294967294,395
4294967294,1452
4294967294,1430
4294967294,167
4294967294,183
4294967294,1528
4294967294,175
4294967294,462
4294967278,176
24911,4
4294967278,175
24911,3
24911,2
24911,1
24777,3
4294967294,452
4294967278,429
4294967279,558
4294967278,169
4294967279,170
4294967294,1457
4294967294,1455
4294967279,439
24910,5
4294967278,164
24910,4
24910,3
24910,2
24910,1
4294967278,160
4294967278,137
4294967279,0
4294967278,338
4294967279,557
4294967278,156
4294967278,401
4294967278,155
4294967279,154
4294967279,152
24908,5
4294967278,150
24908,4
24908,3
24908,2
24908,1
4294967279,487
4294967278,145
4294967278,379
4294967278,377
4294967279,140
4294967278,133
24906,8
24906,7
24906,6
4294967278,135
24906,5
24906,4
4294967278,134
24906,3
24906,2
24906,1
4294967294,910
4294967294,903
4294967294,182
4294967294,916
4294967294,912
4294967278,376
4294967279,391
4294967278,390
4294967279,316
4294967278,269
4294967279,400
4294967278,268
4294967278,263
4294967278,280
4294967279,267
4294967278,264
4294967294,831
4294967294,1633
4294967294,392
4294967294,772
4294967294,46
4294967294,1661
4294967294,389
